STEP: 10 ENERGY: -372.42537928369336
STEP: 20 ENERGY: -372.42537928369336
STEP: 30 ENERGY: -372.6256768636463
STEP: 40 ENERGY: -372.6256768636463
